14135
14140
14151
14138
14146
14166
14153
14150
14165
14175
14149
14196
14181
14154
14170
14182
14148
14163
14178
14180
14188
14194
14190
14208
14171
14864
14959
15024
14901
14905
14911
14931
14876
14953
15018
14993
15001
15039
14942
14994
15157
15069
15172
15218
15149
15148
15154
14986
15112
14851
20039
20062
20118
20241
20066
20248
20052
20049
20130
20067
20140
20150
20203
20167
20225
20155
20111
20101
20246
20056
20185
20223
20139
20091
20021
20836
20837
20838
20839
20840
20841
20842
20843
20844
21031
21032
21033
21034
21035
21036
21037
21038
21223
21224
21225
21226
21227
21228
21229
21230